-0.324121 0.171279 0.340369
0.262693 0.233289 -0.256643
0.333237 -0.768071 0.323161
-0.715042 0.680923 -0.206766
0.240476 0.299327 -0.341513
0.129439 -0.560894 0.460859
-0.854194 -0.838122 0.824035
-0.745097 0.102436 0.503093
0.421313 0.117010 -0.374082
0.437865 -0.869299 0.217154
0.730107 -0.327001 -0.614042
0.308825 -0.768709 0.346835
-0.094894 0.643374 -0.773212
-0.428566 0.776723 -0.862565
0.167854 0.027508 0.119141
0.376775 -0.530222 0.228373
0.314303 -0.508179 0.287017
0.364110 -0.056340 -0.040578
-0.559055 0.359593 0.243928
-0.307817 0.190153 0.316495
-0.773021 -0.691521 0.809934
-0.598918 -0.821389 0.800725
-0.619751 0.001783 0.552319
-0.541138 0.274652 0.325387
-0.234492 0.294693 0.174598
0.402692 -0.263515 0.071629
0.696259 -0.176724 -0.901822
0.171077 0.384644 -0.397755
0.564258 0.040089 -0.705057
0.384195 -0.253170 0.088828
-0.195997 -0.049343 0.441673
-0.601934 0.178180 0.424388
-0.746774 0.768995 -0.444305
0.061371 0.114916 0.139848
0.554843 -0.517647 -0.012414
-0.704930 -0.697675 0.805078
0.224988 0.393011 -0.558567
0.430100 0.208467 -0.647722
-0.554844 0.736844 -0.424971
-0.505253 0.195497 0.386102
0.264686 0.405116 -0.892085
-0.309019 0.518113 -0.083135
-0.324717 -0.670042 0.718518
-0.360069 0.714938 -0.534414
-0.283332 0.457992 -0.004142
0.216126 0.189379 -0.116747
0.270948 0.071389 -0.044845
0.761368 -0.367295 -0.739434
0.342273 -0.366676 0.201466
-0.426432 0.519624 -0.015526
0.676991 -0.254794 -0.498271
0.383684 0.251526 -0.607195
-0.194058 0.637652 -0.480694
0.795876 -0.619609 -0.566096
0.386552 -0.359060 0.146738
0.043893 -0.757512 0.552068
0.122627 -0.086432 0.251853
-0.315341 0.695203 -0.515164
-0.298698 0.012056 0.449912
-0.611661 0.790634 -0.611581
0.261445 -0.115055 0.137376
0.799497 -0.637814 -0.569761
0.203735 -0.298769 0.306217
0.000178 0.455201 -0.271454
-0.552229 0.668617 -0.236993
0.645808 -0.560546 -0.157800
-0.366091 0.758251 -0.850693
-0.385064 -0.656805 0.736021
-0.423632 -0.317689 0.661438
0.586738 -0.166100 -0.342353
0.214779 0.192813 -0.119607
-0.416215 0.046057 0.471805
0.368311 0.185500 -0.381800
0.077999 0.299971 -0.096965
-0.017901 0.510653 -0.375526
0.443943 -0.042738 -0.184129
-0.453726 0.641876 -0.230492
-0.460216 0.640200 -0.222673
0.316845 -0.666489 0.324599
-0.122151 0.660818 -0.830445
0.053298 0.005755 0.241738
-0.390545 0.668788 -0.344606
0.531336 -0.510613 0.021371
-0.517230 0.797439 -0.840584
-0.315478 0.476474 -0.011404
0.243705 0.409312 -0.714144
-0.846415 0.351290 0.295882
-0.162616 -0.572046 0.636555
0.037898 0.088271 0.185084
-0.032066 -0.441732 0.534273
-0.132223 0.518956 -0.241275
0.250930 -0.188989 0.199554
0.380931 -0.542811 0.227732
0.256219 0.240845 -0.258458
-0.138091 0.651745 -0.665783
0.396863 -0.491294 0.192219
-0.785838 -0.195857 0.675264
0.221437 -0.077312 0.151385
0.237370 -0.179889 0.207462
-0.126893 0.180470 0.223562
-0.213245 -0.230733 0.547643
0.407005 0.251342 -0.732016
-0.284295 0.435880 0.028773
0.226227 0.132435 -0.056973
0.768574 -0.771190 -0.389756
-0.645760 -0.858784 0.808942
0.321882 -0.819563 0.338419
-0.065338 0.403206 -0.099037
0.130590 0.504328 -0.759956
-0.509319 -0.335321 0.690125
-0.502416 0.601255 -0.119548
-0.637972 0.765981 -0.478774
-0.531583 0.473743 0.096363
0.151843 0.325556 -0.238192
-0.589051 0.504657 0.071680
-0.047763 0.390231 -0.096203
-0.816302 0.418715 0.220563
0.664845 -0.628481 -0.169729
0.211882 0.414156 -0.598425
0.026925 0.393255 -0.186123
0.702132 -0.658793 -0.242106
-0.836724 -0.541390 0.788258
-0.490407 -0.055821 0.557811
0.220071 0.385188 -0.516616
-0.687852 -0.873086 0.814383
0.156606 0.015729 0.140859
0.662945 -0.111549 -0.827910
0.216898 0.299075 -0.296502
0.045573 0.188932 0.078080
0.342624 -0.144465 0.064473
-0.053946 -0.509319 0.566268
0.758714 -0.348262 -0.779388
0.351492 -0.046841 -0.031836
0.172089 -0.200196 0.281397
0.476838 -0.202439 -0.081738
-0.274366 0.256176 0.237509
0.470529 0.129817 -0.550394
0.550865 -0.791807 0.064151
-0.616311 0.512886 0.067575
-0.784821 0.780248 -0.476768
0.532999 -0.256911 -0.133770
0.338013 -0.672127 0.304713
0.347387 0.307776 -0.687832
0.045698 -0.676076 0.540973
0.037411 0.140671 0.135948
0.695505 -0.840897 -0.188892
0.122074 0.510355 -0.759168
0.342219 0.311999 -0.682220
0.828039 -0.685625 -0.709378
-0.552892 -0.683460 0.780974
-0.225617 0.622510 -0.387069
0.389153 0.077064 -0.239117
0.447629 0.106703 -0.421709
0.357921 0.229283 -0.454172
-0.796188 -0.523444 0.782916
0.141258 -0.763923 0.486278
-0.770574 0.254659 0.384406
-0.590534 0.241315 0.368398
-0.241943 -0.456132 0.642792
-0.247681 -0.241570 0.567778
-0.397840 0.236289 0.313463
0.171435 0.179727 -0.045974
-0.655282 -0.446857 0.751264
-0.390152 0.499579 -0.003199
0.141041 -0.859644 0.492091
-0.207479 0.065527 0.368558
-0.258809 0.318189 0.162661
-0.473772 0.687737 -0.331556
0.582620 -0.502807 -0.065366
0.094491 -0.091283 0.278912
0.294212 -0.864751 0.366393
0.153388 0.232080 -0.092329
-0.587637 0.356933 0.254380
-0.481285 -0.514248 0.735361
0.156122 0.091905 0.069957
0.464080 -0.358098 0.045294
0.213437 0.381986 -0.488459
-0.468105 0.767245 -0.646150
-0.011860 0.465382 -0.276637
-0.570948 0.800442 -0.732485
-0.462931 0.751207 -0.565023
0.434887 -0.802128 0.217144
0.045794 -0.328352 0.443428
-0.520055 -0.069907 0.573304
0.566954 -0.504127 -0.038100
-0.007624 0.208396 0.104659
-0.461721 0.269886 0.305372
-0.109771 0.483300 -0.193744
0.607919 -0.260935 -0.286124
0.316582 -0.448099 0.263553
0.632002 -0.204185 -0.419221
-0.659723 0.296153 0.331624
0.235456 0.134835 -0.072079
-0.135176 0.664167 -0.784224
-0.441251 0.681817 -0.339211
0.467364 0.130216 -0.539705
0.032941 0.225574 0.048413
-0.425798 -0.195715 0.611669
-0.086011 0.292336 0.073688
0.033666 -0.098742 0.331210
0.240061 0.236803 -0.224164
0.295364 -0.052161 0.046968
-0.304141 0.241465 0.267189
0.234313 0.295014 -0.320608
0.704277 -0.581712 -0.280109
-0.412255 -0.885393 0.760927
-0.108181 0.091361 0.290236
-0.637012 0.172979 0.435374
0.207517 -0.501138 0.382913
-0.801498 0.806105 -0.589986
0.432397 -0.365711 0.092588
0.058071 -0.042340 0.274097
0.369146 -0.282281 0.125480
-0.056759 -0.244344 0.471692
0.304055 -0.511358 0.298198
-0.469062 -0.003264 0.520466
-0.145619 -0.701563 0.650117
-0.707819 0.199043 0.425264
0.409666 0.080213 -0.284590
0.086221 0.446744 -0.389593
0.148812 0.106562 0.062739
-0.359066 0.301532 0.232637
0.167344 0.384394 -0.389493
0.077498 -0.307060 0.411859
-0.512527 -0.565801 0.753660
-0.597441 0.199115 0.406282
-0.836810 0.417596 0.222823
-0.100108 0.129035 0.252789
0.300658 0.090518 -0.109093
0.146748 -0.041023 0.196857
0.047562 0.566977 -0.851467
-0.423270 -0.281080 0.647377
-0.526446 -0.683227 0.775613
0.240153 0.379678 -0.557954
-0.451814 0.643548 -0.235521
-0.592584 0.398286 0.209420
0.099077 0.359757 -0.222340
0.020076 0.421122 -0.229198
-0.535340 -0.266076 0.670070
0.368742 0.233342 -0.495971
-0.312079 0.443600 0.035005
-0.533214 0.306868 0.291725
-0.634781 0.374661 0.245990
-0.832174 0.329466 0.317629
-0.378373 0.695119 -0.436827
0.099554 0.518977 -0.701425
0.071380 0.536559 -0.691042
0.207780 0.217562 -0.144905
0.502909 0.141129 -0.784643
-0.655724 0.445999 0.166738
0.810063 -0.652629 -0.614704
0.268976 -0.473158 0.319221
-0.192971 0.089005 0.342672
-0.868712 -0.140353 0.652336
-0.126017 0.380485 -0.008943
0.698788 -0.502024 -0.311910
0.130547 -0.116966 0.265787
0.325456 -0.270319 0.169333
-0.297874 0.041274 0.429564
-0.295204 0.267777 0.236611
-0.703401 -0.672576 0.801851
-0.673304 0.156134 0.454593
0.711152 -0.852853 -0.223464
-0.174168 -0.837499 0.674021
-0.295579 0.286872 0.217058
0.000959 0.415247 -0.193613
0.133575 -0.230748 0.331287
0.487424 -0.296211 -0.027637
-0.619773 0.033074 0.532630
0.253728 0.225673 -0.228378
-0.109396 0.402546 -0.055898
0.167608 -0.484495 0.410467
-0.440883 0.648366 -0.253897
0.448838 -0.255606 0.002452
-0.199521 -0.068800 0.455442
0.389963 -0.745500 0.261847
-0.429007 0.728185 -0.503392
-0.302204 0.200067 0.304971
0.332685 0.341981 -0.897282
-0.228582 -0.154408 0.517436
0.396540 -0.831716 0.262476
-0.030356 -0.390111 0.516009
0.246254 -0.174272 0.194828
0.369105 -0.048919 -0.055106
0.215330 -0.006564 0.099427
0.081181 -0.244961 0.379658
-0.331724 0.221059 0.299515
0.026244 0.565839 -0.693068
0.461244 -0.311698 0.021723
0.433205 0.215514 -0.698677
0.396718 0.239371 -0.616350
0.420884 -0.233020 0.026414
0.644131 -0.156042 -0.543502
0.225763 0.255808 -0.232684
0.608492 -0.024596 -0.740452
0.492082 -0.508142 0.077518
0.358019 0.236701 -0.473351
0.729021 -0.447569 -0.446705
0.233216 -0.686514 0.404017
-0.304250 -0.537684 0.687451
-0.395527 0.744149 -0.625314
-0.077369 0.338709 0.007135
-0.794552 -0.038522 0.596483
-0.356462 -0.308658 0.636936
0.631572 -0.320103 -0.285700
0.592882 -0.881610 0.004814
-0.044451 0.620489 -0.829736
-0.007937 0.589464 -0.714866
0.570651 -0.070132 -0.441610
-0.440269 0.555049 -0.067032
0.039547 0.493960 -0.430848
0.726763 -0.251225 -0.840290
-0.262701 -0.081753 0.492796
-0.562254 0.063565 0.500779
0.781445 -0.433282 -0.742754
0.597156 -0.549753 -0.070237
0.233221 -0.270999 0.264854
0.045894 0.322947 -0.093863
0.145800 -0.220337 0.315492
-0.870015 0.550878 0.047172
0.326903 -0.088283 0.038770
-0.045850 0.424429 -0.155285
0.110426 -0.683939 0.498698
-0.397997 0.142557 0.394143
0.550019 -0.606296 0.027386
-0.746286 -0.077612 0.614631
0.781835 -0.698528 -0.459369
0.128687 -0.052537 0.222069
0.056882 0.172250 0.085578
0.165943 0.430927 -0.520554
0.331545 0.244037 -0.420882
-0.569369 0.557849 -0.015824
-0.013909 0.514836 -0.393416
0.021825 -0.717292 0.561516
0.299708 -0.819191 0.359424
0.634868 -0.503656 -0.163132
-0.415826 0.369874 0.182219
-0.628401 -0.701254 0.795953
-0.680823 0.452368 0.163693
-0.221351 0.241108 0.223207
0.052013 0.174173 0.088089
-0.793295 0.822990 -0.703933
-0.022611 0.604912 -0.780234
0.109564 0.513767 -0.714024
-0.268269 0.673720 -0.499462
-0.322027 -0.514257 0.688352
-0.055362 -0.455656 0.551985
0.156182 -0.309620 0.352176
0.388205 0.155289 -0.368342
0.311948 0.345923 -0.705689
0.148213 -0.122246 0.253860
-0.040387 0.059992 0.269878
0.124725 0.451280 -0.483308
0.499035 0.114916 -0.624943
0.171943 0.077843 0.067147
-0.844656 0.350288 0.296870
0.573651 0.041255 -0.801102
0.380137 0.191658 -0.424534
0.079123 -0.532527 0.489549
0.378152 -0.747576 0.274812
0.246142 0.368084 -0.535738
0.132438 -0.215303 0.323816
0.089544 -0.538225 0.483807
0.252628 0.299542 -0.366765
-0.735631 0.767180 -0.441114
0.347639 0.314949 -0.733690
0.679557 -0.563668 -0.229385
0.162278 0.487633 -0.853507
-0.654976 0.663203 -0.184129
0.709188 -0.586890 -0.290067
-0.232503 0.670453 -0.544712
0.045367 0.146248 0.123287
0.007915 -0.352186 0.478197
-0.074670 -0.427028 0.553875
0.407753 -0.391467 0.136963
-0.401096 -0.300490 0.648250
-0.453516 0.407279 0.153137
0.008007 0.110982 0.189106
0.212723 0.384282 -0.493648
0.493451 -0.040934 -0.285865
-0.569433 0.690252 -0.281148
0.052401 0.531838 -0.597122
-0.410304 -0.150876 0.585436
-0.660780 0.288610 0.339020
-0.664714 0.764328 -0.458572
0.235965 0.303714 -0.341876
0.374722 -0.258997 0.104427
-0.333274 0.732003 -0.672893
-0.751868 0.009830 0.564823
-0.088110 0.176590 0.200515
0.321243 0.146818 -0.218959
0.583828 -0.256457 -0.235462
0.071920 -0.078345 0.288370
0.681175 -0.169344 -0.714555
0.033617 -0.196574 0.388930
0.302719 -0.402708 0.259443
-0.407768 0.769411 -0.821825
0.103043 -0.681734 0.503540
0.542733 -0.492845 -0.003898
0.045148 -0.155188 0.357410
-0.477469 -0.150630 0.604793
0.180528 -0.164231 0.251967
0.001539 0.011795 0.277320
0.677840 -0.211174 -0.580539
-0.803079 -0.886192 0.823430
0.102841 0.006323 0.199183
0.198654 -0.834380 0.447292
-0.000264 -0.027351 0.307596
0.477699 0.107522 -0.515862
-0.597765 -0.541401 0.765257
-0.516741 0.795923 -0.810864
0.076622 0.413286 -0.294674
-0.064215 0.624315 -0.742266
-0.584836 0.280113 0.331399
-0.153593 0.219401 0.203136
0.698712 -0.333169 -0.467542
0.278544 0.337337 -0.532115
0.039380 -0.054696 0.297418
0.489642 -0.284034 -0.039545
0.447529 -0.239696 -0.007007
0.012058 -0.173934 0.391551
0.198407 -0.638342 0.424431
-0.684458 0.503888 0.096136
-0.666163 0.108377 0.489085
0.080132 0.501987 -0.549338
-0.797491 0.524893 0.082109
-0.320461 0.416494 0.077217
0.420603 0.132889 -0.403585
0.355296 -0.483596 0.236006
-0.786229 -0.727560 0.814573
0.157034 0.242874 -0.112218
0.170076 -0.217377 0.293038
0.245431 0.396678 -0.649678
0.221258 -0.012407 0.098097
0.271740 -0.559158 0.342933
0.679376 -0.481119 -0.275925
-0.574848 -0.148691 0.626439
0.573063 -0.710825 0.018160
0.353201 -0.021118 -0.060008
-0.105428 0.185438 0.204158
0.227120 -0.045323 0.119787
-0.824216 0.405401 0.236304
0.556753 -0.148237 -0.290876
0.299238 -0.825183 0.360203
-0.265236 -0.185171 0.549023
0.815381 -0.670438 -0.631867
-0.554950 -0.132675 0.614436
-0.589177 -0.761712 0.795500
0.543422 -0.806785 0.076480
-0.166496 0.625287 -0.481635
-0.763547 -0.572259 0.790986
0.295767 -0.564511 0.321806
-0.349812 0.223498 0.305321
0.018180 -0.078475 0.329342
0.466740 -0.771540 0.175737
-0.124824 0.439084 -0.099713
0.169264 -0.805395 0.468621
-0.376246 -0.580911 0.720544
-0.875189 0.190518 0.443148
0.177302 -0.784847 0.460965
0.267696 -0.730908 0.380356
-0.632250 0.156618 0.447367
0.395359 -0.857152 0.264845
0.206308 0.359597 -0.409510
0.519171 -0.247387 -0.116713
-0.795032 0.749550 -0.369423
0.384728 0.081677 -0.237454
-0.076987 0.385369 -0.059846
-0.110692 0.566154 -0.382914
0.352892 -0.322631 0.167322
0.383421 0.151367 -0.349768
0.020317 0.584805 -0.888068
-0.028856 0.611610 -0.826277
0.470421 -0.594768 0.135931
-0.341113 0.749888 -0.839906
-0.097381 0.213539 0.170321
0.587460 -0.121994 -0.406584
-0.545228 0.802556 -0.825817
0.193597 -0.386039 0.354013
0.205516 -0.115940 0.196030
-0.403590 0.158606 0.383260
0.396768 -0.674506 0.243084
0.524159 0.047115 -0.530050
0.449743 -0.081772 -0.150578
0.037825 0.510619 -0.478907
0.587936 0.002428 -0.704971
-0.011757 -0.452277 0.525432
0.393126 -0.179260 0.025032
0.243549 -0.858558 0.411160
-0.205561 0.553358 -0.236944
0.635892 -0.060347 -0.828282
-0.657042 0.803208 -0.648341
0.268242 -0.006321 0.038367
0.791243 -0.439875 -0.898170
-0.409145 0.280000 0.275995
-0.125642 -0.622200 0.628573
0.387832 0.232115 -0.555450
-0.624540 -0.546655 0.770644
-0.022455 0.348135 -0.057822
-0.044658 -0.296685 0.488013
0.186478 0.002031 0.122532
0.205103 0.156925 -0.059702
0.659597 -0.136961 -0.670356
0.315449 -0.081713 0.047655
0.194845 0.454820 -0.752864
0.080144 -0.421178 0.455125
-0.592083 0.224483 0.383543
-0.400325 0.183937 0.360924
0.480350 -0.499651 0.090352
-0.316074 0.002474 0.463541
0.596845 -0.416352 -0.138061
0.776084 -0.822567 -0.404299
-0.690867 0.545713 0.036358
-0.448327 -0.244110 0.639478
0.042736 0.362418 -0.152498
0.433031 -0.829823 0.221235
0.764854 -0.549152 -0.487868
0.040837 -0.197293 0.384199
0.517989 -0.009252 -0.394588
-0.676138 0.270025 0.358977
0.237114 -0.317494 0.284802
0.851834 -0.883044 -0.890223
-0.053035 -0.693954 0.602012
-0.523008 0.424249 0.157790
-0.654738 -0.778953 0.806632
0.140160 0.451735 -0.523614
-0.566443 0.559313 -0.019244
-0.248817 -0.337794 0.607205
-0.268643 0.663419 -0.461112
-0.241648 0.283792 0.190661
-0.459421 0.651307 -0.248683
-0.108186 -0.085232 0.416073
-0.455317 0.491988 0.040384
-0.676299 0.290957 0.339414
-0.289750 0.235605 0.265704
0.243026 -0.167141 0.193436
0.516976 0.027725 -0.461514
-0.539889 0.530566 0.016907
-0.443847 -0.065641 0.550276
-0.199914 0.506273 -0.148317
0.280333 -0.792830 0.375388
0.404033 -0.415816 0.152878
-0.745876 0.587073 -0.020041
0.256421 0.388060 -0.654933
-0.190848 -0.790352 0.678972
-0.225365 0.505228 -0.124374
0.264407 -0.274067 0.236085
-0.596886 0.214456 0.393227
0.283469 0.379470 -0.754882
-0.450478 -0.463106 0.714840
0.041654 -0.167840 0.367261
0.801836 -0.581396 -0.635642
0.182101 -0.436262 0.382675
0.340007 0.277374 -0.534800
0.730610 -0.554404 -0.367624
0.209476 -0.274893 0.288990
-0.195744 0.162860 0.282403
-0.366067 0.672131 -0.376680
-0.682262 0.803792 -0.632188
-0.521771 0.636867 -0.181469
-0.814482 -0.314728 0.723975
0.287263 -0.569732 0.331269
-0.671020 0.758456 -0.434513
0.046724 -0.156327 0.356922
0.638644 -0.113564 -0.616889
-0.314366 -0.080573 0.513770
-0.258926 0.692424 -0.598138
0.065809 0.211211 0.033053
0.359289 0.299984 -0.713826
-0.816459 -0.723806 0.815574
0.726093 -0.356193 -0.544893
-0.193139 -0.651117 0.664663
0.177802 0.193868 -0.071941
-0.337593 0.394964 0.114557
-0.217756 0.665745 -0.551104
0.277947 -0.631459 0.354447
-0.097606 0.371133 -0.020077
0.624081 -0.310488 -0.276541
0.270879 0.122445 -0.105657
0.484434 -0.207252 -0.090288
-0.701541 0.591063 -0.034623
-0.561267 0.608752 -0.107930
-0.080482 0.407117 -0.090251
0.576327 -0.577107 -0.024148
-0.076229 0.526027 -0.327170
0.545195 -0.806591 0.073890
-0.745541 -0.282534 0.707936
-0.366570 0.098414 0.416391
-0.241621 0.106287 0.354676
0.821650 -0.781100 -0.604110
0.485284 -0.720373 0.145058
-0.819552 0.453495 0.178903
-0.400259 0.090410 0.434876
0.758906 -0.349749 -0.775531
-0.523866 0.297165 0.298658
0.035230 -0.867331 0.563640
0.202779 -0.783874 0.440810
0.031797 0.038248 0.233036
-0.431919 0.713207 -0.444402
-0.254909 0.469071 -0.040793
0.132387 -0.252218 0.343524
0.517298 -0.563133 0.061963
-0.710431 0.615081 -0.075061
0.558362 -0.384193 -0.087414
-0.672724 0.785208 -0.540104
0.106744 0.514923 -0.708094
-0.343911 0.661946 -0.368643
-0.817870 0.572770 0.011120
0.354818 -0.435436 0.218052
0.170519 -0.347741 0.357419
-0.695974 0.794127 -0.569982
0.080886 0.349406 -0.179021
-0.761109 0.133702 0.481907
-0.068331 0.536258 -0.364580
0.274497 -0.006977 0.031336
-0.743638 -0.088924 0.620418
-0.355825 0.648597 -0.320570
0.044609 0.521068 -0.531224
0.741654 -0.724762 -0.322121
-0.256610 0.334022 0.143125
-0.284450 0.561880 -0.182844
0.463188 0.179493 -0.700988
0.337071 -0.202413 0.113257
0.209752 0.326713 -0.339977
-0.801255 0.812470 -0.626456
0.204156 0.295120 -0.266721
0.834243 -0.648672 -0.879970
0.277516 -0.117203 0.121160
0.354169 -0.273217 0.138004
-0.627108 0.533570 0.039925
0.576208 -0.497905 -0.056582
-0.363948 0.152009 0.373357
-0.020486 0.342782 -0.052010
-0.276699 0.401702 0.070960
0.440559 0.163097 -0.535603
0.722974 -0.250518 -0.781285
-0.371544 0.739112 -0.638630
-0.309233 0.063512 0.418654
0.226656 -0.613650 0.395968
-0.035195 -0.287404 0.478273
-0.485280 0.743229 -0.505305
-0.040264 0.028056 0.295002
0.361106 -0.622298 0.270631
-0.846756 -0.336232 0.732418
-0.319356 0.566847 -0.165212
-0.095669 0.143725 0.236619
-0.047473 0.423312 -0.151535
0.156750 -0.615752 0.452684
0.631684 -0.817485 -0.064505
-0.315229 0.257720 0.256677
-0.756278 0.129541 0.484560
-0.402245 -0.287517 0.643586
0.389047 0.039206 -0.186904
-0.184794 0.120030 0.312985
-0.014883 -0.699373 0.581194
0.416966 -0.030877 -0.150077
0.501275 -0.436513 0.032924
-0.438322 0.454730 0.085386
-0.310478 -0.333377 0.629837
0.158565 0.354743 -0.305989
0.303475 -0.160457 0.123403
0.006747 -0.020950 0.297871
-0.589943 0.300607 0.312846
0.534931 -0.471737 -0.001275
0.092938 0.218827 -0.004381
0.064291 0.482125 -0.445123
-0.748190 0.303492 0.337060
0.039729 0.366067 -0.154922
-0.230828 -0.750664 0.692675
-0.763777 0.634557 -0.101972
-0.383902 -0.120287 0.561145
-0.555936 -0.376440 0.713938
-0.461338 0.417237 0.143929
0.598709 -0.743106 -0.017337
-0.224656 0.638208 -0.436776
0.309239 -0.641079 0.327001
-0.453760 -0.012043 0.521440
0.135138 0.475402 -0.602395
-0.400324 -0.172822 0.593021
0.388824 -0.651719 0.247287
-0.585076 0.666211 -0.216444
0.523485 -0.055298 -0.335455
-0.088563 0.144797 0.230735
0.221888 -0.190588 0.229473
-0.368300 0.489951 -0.000493
-0.083812 0.173632 0.200292
-0.315652 0.161960 0.344493
0.299646 -0.296027 0.211709
-0.877182 -0.057248 0.609361
0.182375 0.453994 -0.677307
0.577744 -0.308644 -0.177151
-0.027541 0.590892 -0.648977
-0.090200 0.273066 0.099869
-0.168737 0.585047 -0.354701
-0.640057 0.817681 -0.809947
0.163817 -0.166803 0.268637
-0.288154 0.487086 -0.046031
-0.407645 0.091778 0.436488
-0.640515 0.540646 0.032669
-0.857309 0.448783 0.186141
-0.756725 0.801403 -0.579096
0.370701 -0.554093 0.242403
0.173838 0.330449 -0.282968
0.840308 -0.709683 -0.827962
0.024881 -0.636539 0.547615
0.109577 0.372128 -0.261360
0.364001 -0.217286 0.090497
0.614507 -0.020799 -0.852452
0.292018 -0.039424 0.039719
-0.237924 0.225235 0.248308
-0.574487 0.380666 0.224793
-0.221168 -0.301671 0.581503
0.204042 0.271516 -0.224453
-0.257324 -0.141443 0.523474
-0.488602 0.396090 0.180006
-0.399232 0.242784 0.307961
-0.075575 0.273435 0.087789
0.337687 0.244197 -0.436884
-0.844824 0.832759 -0.790257
0.326864 -0.507802 0.274194
0.133563 0.004502 0.172621
-0.643402 0.281698 0.342392
0.305721 -0.074336 0.053460
-0.012868 0.593131 -0.721055
0.078753 0.534045 -0.707696
0.459230 -0.222141 -0.037830
0.285893 -0.616935 0.343973
0.109481 -0.585030 0.480965
0.678554 -0.626952 -0.199770
0.144698 0.280312 -0.151701
0.533675 0.106127 -0.905444
-0.805063 0.067638 0.531422
0.470246 -0.096184 -0.171864
0.584735 -0.734332 0.004001
0.437515 -0.527688 0.156397
0.812814 -0.606281 -0.680125
0.027879 0.495131 -0.412220
0.757208 -0.887580 -0.341271
-0.049693 0.383457 -0.083607
0.491579 -0.033232 -0.292402
-0.099985 -0.836936 0.638763
0.514902 -0.636219 0.087320
-0.650889 0.430154 0.185237
0.012955 -0.006545 0.282655
-0.599296 0.783649 -0.584442
0.665157 -0.281921 -0.419294
0.141913 -0.015571 0.181250
-0.768116 0.181191 0.446040
0.057960 -0.482922 0.490184
0.274859 0.386625 -0.749447
0.046281 0.453063 -0.335729
0.491528 0.118394 -0.601702
-0.448676 0.752337 -0.589023
-0.849834 0.046358 0.547032
0.507518 0.055207 -0.490713
0.562742 -0.404918 -0.082483
0.020014 -0.126061 0.358176
-0.733678 -0.487597 0.770389
0.546740 0.056924 -0.663304
0.391996 0.239880 -0.598157
0.190297 0.254728 -0.175964
0.415311 0.212961 -0.597326
-0.733323 0.824066 -0.753567
-0.512776 0.544104 -0.015010
-0.754137 0.782277 -0.492832
-0.336066 0.483533 -0.009513
0.469875 -0.856516 0.178127
-0.608926 -0.696407 0.792411
-0.503294 -0.638756 0.764392
-0.198508 0.667694 -0.599346
-0.172039 -0.240132 0.532360
0.501426 -0.480261 0.052797
-0.534794 -0.039570 0.559530
-0.430898 0.290944 0.273521
0.353916 0.098858 -0.205955
-0.556219 -0.847278 0.794074
0.046224 0.474119 -0.388177
0.098273 -0.774318 0.517699
-0.176058 -0.410833 0.600222
0.591892 -0.073397 -0.507265
0.262097 0.172676 -0.160333
0.122034 0.067903 0.127766
0.651059 -0.869115 -0.097018
-0.562279 -0.455236 0.738276
0.502951 -0.740521 0.124921
-0.186596 -0.515121 0.634569
0.065463 0.323455 -0.117494
0.623214 -0.807392 -0.050438
-0.134324 -0.267270 0.525391
0.798630 -0.605985 -0.591938
0.177245 0.259970 -0.165306
0.211609 -0.840282 0.437121
0.034104 -0.126781 0.348476
0.474506 0.148316 -0.627641
0.542706 -0.021238 -0.444547
-0.077185 0.458676 -0.182584
-0.560842 0.649454 -0.190003
0.541607 -0.105869 -0.308804
-0.705952 0.449168 0.172050
0.253866 -0.061956 0.104103
0.255875 -0.053909 0.095145
-0.810823 -0.067537 0.613459
0.669263 -0.619048 -0.182582
0.781076 -0.603136 -0.511571
-0.536789 -0.752660 0.785002
-0.042010 0.133146 0.207759
0.160923 -0.151837 0.261821
-0.546597 0.023631 0.523599
-0.378382 -0.431954 0.685311
0.565385 -0.780828 0.041145
0.683150 -0.849204 -0.161812
-0.079982 -0.779550 0.625291
-0.405973 -0.808186 0.756954
0.841313 -0.891906 -0.714527
0.809151 -0.612540 -0.647229
0.191885 -0.000312 0.118949
-0.048445 0.369553 -0.063627
-0.216456 0.275165 0.184944
-0.071654 0.227427 0.136410
-0.058038 0.076465 0.268854
-0.562595 -0.393693 0.720662
-0.270385 0.029469 0.425525
-0.661101 0.269136 0.357290
-0.650186 0.821758 -0.903738
-0.426928 0.719809 -0.473194
-0.270914 -0.266554 0.588260
-0.857679 0.710893 -0.257835
-0.434897 0.377456 0.181340
0.304450 -0.075590 0.056095
0.532440 -0.447193 -0.009214
0.109752 -0.208816 0.338582
-0.093506 0.513528 -0.275260
-0.239401 0.650202 -0.456158
-0.181203 -0.750984 0.671669
0.120634 -0.287915 0.370522
-0.030919 -0.061266 0.352336
-0.170195 0.296500 0.131473
-0.001360 0.433437 -0.225112
-0.043605 0.616390 -0.776394
-0.458888 0.536360 -0.026408
0.237002 -0.848096 0.416389
-0.237577 0.225320 0.248033
0.044237 0.386215 -0.195629
0.535873 -0.423647 -0.026842
0.193702 -0.002073 0.118582
0.209050 -0.082877 0.168355
-0.508673 0.038295 0.504657
0.221794 -0.538059 0.381527
-0.484633 0.310979 0.272420
-0.305169 0.721680 -0.668664
0.533943 0.041438 -0.553243
-0.430264 0.313823 0.249832
0.461761 -0.346895 0.042182
-0.416890 -0.430635 0.696542
0.539862 -0.693824 0.065017
0.067902 -0.147826 0.336049
-0.770435 0.551603 0.039879
-0.824630 0.101931 0.508766
0.378191 0.140892 -0.319173
0.719149 -0.790919 -0.249191
0.201248 0.058673 0.053922
0.300957 0.314281 -0.526994
-0.038020 0.197150 0.141934
0.237091 0.054363 0.016447
0.132468 -0.080170 0.238838
0.112438 -0.069913 0.248979
-0.021651 0.400199 -0.140517
0.268462 -0.276865 0.233531
0.246752 -0.190481 0.204755
0.278427 0.206056 -0.238058
-0.408775 0.720875 -0.497187
0.136186 -0.364775 0.392250
-0.803258 0.534056 0.069285
0.064239 0.402946 -0.254721
0.050170 0.554442 -0.720008
0.258837 -0.724421 0.387365
0.318286 -0.442377 0.259606
-0.622450 -0.367863 0.723057
0.358190 0.008294 -0.099055
-0.177638 0.348535 0.073915
0.109826 -0.086791 0.263054
0.599486 -0.205345 -0.326547
0.622330 -0.120523 -0.526984
0.795522 -0.551712 -0.632448
0.375531 -0.200767 0.064347
-0.784102 0.388932 0.252175
0.075403 0.530801 -0.671514
-0.321526 0.698580 -0.520066
-0.112476 -0.010316 0.369797
0.421933 0.194584 -0.561847
-0.350426 0.030493 0.458596
-0.142061 0.429150 -0.068029
0.098575 -0.121660 0.295625
0.319505 -0.745422 0.334049
-0.728494 -0.576492 0.789031
0.622592 -0.584232 -0.102685
0.309869 0.336051 -0.642457
-0.003587 0.175892 0.135632
0.621911 -0.322611 -0.260444
0.635938 -0.188038 -0.455995
0.252230 -0.069714 0.112265
0.668806 -0.893534 -0.131110
-0.569504 0.104575 0.473615
-0.633872 0.799303 -0.643713
-0.679574 0.760143 -0.436735
0.323163 0.122670 -0.186902
-0.308199 0.736817 -0.802717
-0.626030 0.295277 0.326018
-0.755249 0.749478 -0.376974
0.041675 0.020885 0.239157
0.562307 -0.082544 -0.396018
0.568789 -0.257616 -0.202525
0.252463 -0.351596 0.286341
0.396330 -0.131554 -0.018209
0.534288 -0.013858 -0.432857
-0.520532 -0.451561 0.728686
-0.056960 -0.480711 0.560185
-0.016904 -0.183522 0.416174
-0.031228 0.050935 0.270623
0.148358 0.491313 -0.759847
-0.283097 0.407069 0.067746
0.164104 -0.694868 0.460941
0.156418 0.485317 -0.760016
0.053029 0.288025 -0.051541
-0.324969 0.683240 -0.457228
0.501735 -0.798102 0.133491
-0.104703 0.070012 0.305292
0.617474 -0.370855 -0.211118
-0.309268 0.167813 0.336617
0.464743 -0.405424 0.069541
-0.647572 0.616860 -0.093648
0.446218 -0.508896 0.138781
-0.473726 0.620630 -0.172691
-0.085905 0.468599 -0.191650
0.385154 0.267492 -0.685240
-0.248684 0.600146 -0.300822
0.246851 -0.872633 0.408645
-0.218167 -0.181547 0.526455
0.064410 0.269372 -0.038529
-0.341324 0.165948 0.352400
-0.660354 0.525428 0.060238
-0.074440 -0.085547 0.396003
0.292469 0.026358 -0.024780
0.448575 -0.590551 0.162441
0.772989 -0.734347 -0.414556
0.397318 -0.464732 0.181574
-0.766918 0.482060 0.138105
0.630199 -0.148461 -0.503006
0.831606 -0.667372 -0.769882
-0.135239 -0.092270 0.435715
-0.170417 0.110629 0.312495
-0.376100 -0.109871 0.552936
0.836174 -0.685953 -0.801280
0.449882 0.171088 -0.596899
0.776949 -0.560886 -0.528000
-0.464733 -0.725943 0.766325
0.612261 -0.667180 -0.057015
0.070458 -0.851530 0.540746
0.306101 0.365622 -0.836785
0.491671 -0.295176 -0.034991
0.271254 0.344785 -0.534221
0.003796 0.469191 -0.307398
0.289074 0.197272 -0.242196
-0.829802 0.832131 -0.786389
-0.340365 0.567168 -0.150414
0.009543 0.438829 -0.250252
0.563863 -0.210094 -0.237899
0.228057 -0.820962 0.422671
-0.366279 0.650393 -0.316071
-0.361246 0.318779 0.215256
0.380310 -0.056242 -0.064428
-0.399702 -0.245833 0.625820
0.420389 -0.442798 0.144745
0.147634 0.497018 -0.822249
-0.304431 0.188299 0.316551
-0.317938 0.099923 0.395342
0.308047 0.165945 -0.225307
-0.721034 0.688423 -0.222496
0.496071 -0.188859 -0.126316
0.527066 0.103084 -0.748863
0.085160 -0.028776 0.241965
-0.573669 0.128245 0.457106
0.678523 -0.227307 -0.551638
-0.109572 0.316836 0.062438
-0.353184 0.212336 0.316982
0.509385 -0.614756 0.089240
0.269109 0.371623 -0.630433
-0.571058 0.784190 -0.614489
0.294780 0.047532 -0.050604
0.737009 -0.279626 -0.822241
0.277205 0.200096 -0.226254
0.672264 -0.548528 -0.220249
-0.023342 0.352234 -0.062956
0.710828 -0.307543 -0.553209
-0.459171 0.088854 0.455607
-0.533014 0.774768 -0.603311
0.096428 -0.553606 0.482846
0.252338 -0.351842 0.286571
-0.831777 -0.881160 0.824425
-0.251735 0.371682 0.094323
